29996
15701
1184
29730
32147
14493
28034
6379
23485
33758
12168
1703
11204
27946
10734
3691
28109
20639
27698
10497
5361
2849
2125
9283
24393
8693
21798
20081
817
8989
12763
26815
7394
771
4501
5920
29780
1481
23847
10692
1315
17684
18654
20221
28334
14193
5623
5959
4361
9277
11646
11791
11623
30140
8511
2792
2944
22636
29129
32304
7762
27513
10701
9631
29673
40300
17469
17619
2641
17850
26355
6746
11375
2953
8864
33032
13119
24299
7104
1345
14046
6162
1984
17636
34905
30557
29978
32616
16288
12186
35296
9910
4157
4526
34064
26290
10677
9772
13499
36527
24624
77856
50978
74307
94327
20027
46043
16724
36589
103236
26269
22918
38685
99236
30007
57113
57628
83549
15038
6752
83331
19948
12292
26895
36366
17613
3694
30163
30542
19583
62817
52279
31330
15385
107118
103909
75834
17334
78691
84860
61305
23880
66884
31092
8841
9852
44873
32768
22877
8430
12408
39955
14608
11513
47626
45446
25457
53211
75604
49135
32869
6974
51016
46779
16719
79014
96287
86201
27668
27158
125461
143126
157424
74033
133017
77427
201381
207114
100143
189743
21016
137916
168249
61814
146589
106845
120569
123761
188096
147620
68352
125607
66181
48340
104611
99494
170256
86643
106437
391246
852
1978
900
900
400
900
1000
