29
7
10
1 1 1 0 1 1 1
0 0 1 0 0 1 0
1 0 1 1 1 0 1
1 0 1 1 0 1 1
0 1 1 1 0 1 0
1 1 0 1 0 1 1
1 1 0 1 1 1 1 
1 0 1 0 0 1 0
1 1 1 1 1 1 1
1 1 1 1 0 1 1
6
10
0 1 1 1 0 0
1 0 0 0 0 0 
1 0 1 0 0 0
1 1 0 0 0 0 
1 1 0 1 0 0
1 0 0 1 0 0
1 1 1 0 0 0
1 1 1 1 0 0
1 0 1 1 0 0 
0 1 1 0 0 0
1
2
0
1
2
4
0 0
0 1
1 0
1 1
4
5
1 0 0 0
1 1 0 0
1 0 0 1
0 1 0 0
0 1 1 1
4
5
1 0 0 0
1 1 0 0
1 0 0 1
0 1 0 0
0 1 1 1
8
16
1 0 1 1 1 0 0 1
0 1 0 1 0 1 1 1
1 1 0 1 0 0 0 1
0 0 0 0 1 0 1 1
1 0 1 1 0 1 0 1
1 1 0 1 0 0 1 1
0 1 1 0 0 1 1 0
0 0 0 0 0 1 1 1
0 1 0 1 1 1 1 0
0 1 1 1 0 1 1 0
1 0 0 1 1 0 0 1
0 1 1 1 1 1 0 1
0 1 1 1 0 0 1 1
0 1 1 0 1 0 1 0
0 0 0 0 1 0 0 1
0 0 0 1 1 1 1 0
10
20
1 0 0 0 1 0 0 1 0 1
0 1 0 1 0 1 0 0 1 1
1 1 1 1 0 0 1 0 0 0
0 1 1 1 0 0 1 0 1 0
1 0 1 0 0 1 1 0 0 0
1 1 0 1 1 0 1 0 1 1
0 1 1 1 1 1 0 1 1 1
1 1 1 1 1 1 1 0 0 1
1 0 1 0 1 0 1 0 0 0
0 1 0 1 1 1 0 1 1 0
0 1 1 0 0 1 0 0 0 1
1 0 1 0 0 0 1 0 1 0
0 1 1 1 0 0 1 1 1 0
1 0 1 1 1 0 1 0 0 1
1 0 0 0 1 1 1 0 1 0
0 0 1 0 1 0 0 0 1 1
1 1 0 1 0 1 1 1 1 0
1 1 0 1 1 1 0 1 0 0
1 0 0 1 0 0 0 1 1 0
1 0 1 1 0 0 0 0 0 0
12
36
0 1 1 1 1 1 0 0 0 1 1 0
0 0 0 1 0 0 0 0 0 1 1 0
1 1 0 0 1 1 1 0 1 0 1 0
0 0 1 1 1 0 1 0 0 0 1 1
0 0 1 1 0 0 1 1 0 0 1 0
0 0 0 1 1 0 0 0 0 1 1 0
0 1 1 1 1 0 0 1 0 0 1 1
1 1 0 1 0 0 1 0 0 0 1 0
0 1 0 1 1 0 0 1 1 1 0 0
0 1 0 1 1 1 0 0 0 0 0 0
1 0 1 0 0 0 0 1 0 1 1 1
1 1 1 0 1 0 1 1 1 1 1 0
0 1 1 1 0 0 0 1 0 1 1 1
0 0 0 0 1 1 0 0 1 1 1 0
1 0 0 1 1 1 1 0 0 1 1 1
1 1 0 1 1 1 0 1 1 1 1 1
1 1 1 0 1 1 1 1 1 1 0 1
0 0 1 1 1 1 0 1 1 1 1 0
1 0 1 1 1 1 0 0 1 0 1 0
1 0 0 0 0 0 0 1 1 1 1 0
0 1 0 0 1 1 0 0 1 1 1 0
0 1 1 1 1 1 0 1 0 0 1 0
1 1 0 0 1 1 1 0 1 1 0 0
1 1 1 0 0 0 1 1 0 1 1 0
0 0 1 1 1 1 0 1 1 0 0 0
0 1 1 1 1 1 0 0 0 1 1 1
0 0 1 0 1 1 0 0 1 0 1 1
1 1 0 0 0 0 1 0 0 0 1 0
0 0 0 1 1 0 1 0 0 0 0 0
0 1 1 0 0 0 1 1 0 1 0 1
0 1 1 0 1 1 0 0 1 1 1 1
1 0 1 0 1 0 1 0 0 0 0 0
1 0 1 1 0 1 0 0 1 0 1 0
1 1 1 1 1 0 0 1 1 0 1 0
0 1 0 0 1 1 0 0 1 0 0 1
0 1 0 1 1 1 0 1 1 1 0 0
14
52
0 1 1 1 1 1 1 1 0 0 0 0 0 0
0 1 1 1 0 0 0 0 1 0 0 0 1 1
0 1 1 0 0 1 1 0 1 1 1 1 0 1
1 0 0 0 1 0 1 0 0 1 1 0 1 1
0 1 0 0 1 0 1 0 0 0 0 1 0 1
1 0 1 1 0 1 1 0 0 1 0 0 0 0
0 0 0 1 0 0 0 1 1 1 1 1 0 0
1 0 1 0 0 1 1 1 1 0 1 1 1 0
1 0 0 0 1 0 1 1 1 1 1 1 1 1
1 1 1 0 1 1 0 0 0 1 1 1 0 1
0 0 1 0 0 0 0 0 1 1 0 1 1 1
0 0 1 1 1 0 1 1 1 1 1 0 1 1
1 1 0 0 1 0 0 0 0 0 1 0 0 1
1 0 1 1 0 0 0 0 1 0 1 0 1 1
0 0 0 0 0 1 0 0 1 0 0 0 1 0
0 0 0 1 0 1 1 1 0 0 1 1 0 1
0 1 1 1 0 1 1 1 0 0 1 0 1 0
0 1 0 1 1 0 1 0 0 0 1 0 0 1
0 0 1 0 0 0 0 1 1 1 1 0 0 0
0 1 1 1 0 0 0 0 1 1 0 1 0 1
0 0 0 1 1 1 1 0 0 0 1 1 0 0
0 0 1 1 0 0 0 0 1 1 1 0 1 1
0 1 0 0 0 1 1 0 1 1 0 1 1 0
1 1 1 0 0 0 1 0 1 0 1 0 1 0
1 1 1 1 1 0 0 1 0 1 0 0 1 0
0 1 0 0 1 1 0 1 0 1 0 1 1 1
0 1 0 1 0 0 0 1 1 0 1 1 0 1
0 0 0 0 1 1 0 1 1 0 1 1 0 1
1 1 1 1 0 1 1 0 1 0 0 0 1 0
0 0 0 0 0 0 1 0 0 0 1 1 1 0
0 1 1 1 0 0 1 0 0 0 1 1 1 0
0 0 0 0 0 1 1 1 1 1 1 1 1 0
1 0 1 1 1 1 1 0 1 0 1 0 1 1
1 0 1 0 1 0 1 0 1 0 1 1 0 0
1 1 1 0 0 0 0 0 1 1 0 1 1 1
1 1 0 1 0 0 1 1 0 0 1 0 1 0
1 1 1 1 1 0 0 0 0 0 0 0 1 0
1 1 0 0 0 1 0 0 1 1 0 1 0 0
0 0 1 0 0 0 1 1 0 1 0 1 1 0
1 0 1 0 0 0 1 0 1 1 1 0 1 0
0 1 0 1 0 1 1 0 0 0 0 0 0 0
1 1 1 0 0 1 1 0 1 1 1 0 0 1
1 0 1 0 0 0 1 0 1 0 0 0 1 0
0 1 1 0 1 0 1 0 1 1 0 0 0 0
1 0 1 1 1 0 1 1 0 1 1 0 0 1
0 1 0 1 0 1 0 0 1 1 0 1 0 0
0 0 1 1 1 0 1 0 1 1 1 0 0 1
0 0 0 1 0 0 1 0 1 1 1 1 1 1
0 1 1 0 0 1 0 0 1 1 1 0 1 1
1 1 0 0 0 0 1 1 1 1 1 0 1 1
0 0 0 0 0 0 0 0 1 1 1 0 0 0
1 0 1 0 0 1 0 0 0 0 1 1 0 1
6
10
0 1 1 1 0 0
1 0 0 0 0 0 
1 0 1 0 0 0
1 1 0 0 0 0 
1 1 0 1 0 0
1 0 0 1 0 0
1 1 1 0 0 0
1 1 1 1 0 0
1 0 1 1 0 0 
0 1 1 0 0 0
7
10
1 1 1 0 1 1 1
0 0 1 0 0 1 0
1 0 1 1 1 0 1
1 0 1 1 0 1 1
0 1 1 1 0 1 0
1 1 0 1 0 1 1
1 1 0 1 1 1 1 
1 0 1 0 0 1 0
1 1 1 1 1 1 1
1 1 1 1 0 1 1
9
30
1 0 1 1 1 0 0 1 0
1 0 1 0 1 1 1 1 1
0 1 0 0 0 1 0 0 0
0 1 0 1 1 1 0 1 1
0 1 0 1 1 1 0 1 0
0 1 1 0 1 1 0 0 1
1 0 0 0 0 0 0 1 1
1 0 1 0 1 1 1 1 0
0 1 1 1 0 1 1 0 1
0 0 1 1 0 0 1 0 1
1 1 1 1 0 1 0 1 1
1 0 0 1 1 0 1 1 0
1 0 1 0 0 0 0 0 1
0 0 1 0 0 0 1 1 1
1 0 1 0 0 0 1 0 0
1 0 1 0 1 0 1 0 1
0 0 1 1 1 1 1 1 0
0 1 0 0 0 0 1 1 1
0 0 1 0 1 0 1 0 1
0 0 1 1 0 0 0 1 1
0 1 1 0 1 0 1 1 0
1 1 1 1 1 0 1 1 1
1 1 1 1 1 1 1 0 0
1 1 0 1 0 1 0 1 0
0 0 0 1 0 1 1 1 0
1 1 0 0 1 1 0 0 1
0 0 0 1 1 0 1 0 0
0 1 0 1 0 0 1 1 1
0 0 1 1 1 0 1 0 1
1 1 0 1 0 0 1 1 0
6
21
0 0 1 1 1 0
1 0 0 0 1 0
1 0 0 0 1 1
1 1 0 1 0 1
1 1 1 0 1 1
0 1 1 1 0 1
0 0 1 0 0 1
0 0 0 1 1 0
1 0 1 1 0 0
0 0 0 0 0 1
1 1 1 1 0 0
0 1 1 0 0 0
0 1 0 0 0 0
0 1 1 0 1 1
1 0 1 0 0 0
1 1 1 0 1 0
0 0 1 1 0 0
1 1 0 0 1 1
0 0 1 0 0 0
0 1 1 0 0 1
1 1 1 0 0 1
9
15
0 0 1 1 1 1 0 1 0
0 1 0 0 0 1 0 0 1
0 1 1 0 0 1 1 1 0
0 0 1 0 1 1 1 0 0
0 0 0 0 1 0 1 0 0
0 0 1 0 1 1 1 1 1
1 0 1 0 1 1 1 1 1
0 0 1 1 1 0 0 0 1
0 1 1 1 0 0 0 0 1
1 0 0 1 1 1 0 1 0
0 1 1 1 1 0 0 1 1
1 1 1 0 1 1 1 0 1
1 1 1 1 1 1 1 0 1
1 1 1 1 1 0 1 0 0
1 1 1 1 0 1 1 1 1
15
75
0 1 0 1 1 1 1 0 0 1 0 1 0 1 0
0 0 0 0 0 1 1 1 1 0 0 1 0 0 1
1 0 0 1 1 1 0 0 1 1 1 1 1 0 1
0 0 1 0 1 1 0 0 1 1 1 0 1 1 0
0 1 1 1 0 0 0 1 1 0 1 1 0 0 0
1 1 1 1 0 1 1 0 0 0 0 1 1 1 1
1 0 0 0 1 1 1 0 0 1 0 1 1 0 0
1 0 1 1 1 1 0 0 0 0 1 0 0 0 1
0 0 0 0 1 1 0 1 0 0 0 0 0 0 1
1 0 0 0 1 1 0 1 0 1 0 1 1 0 1
1 0 0 1 1 1 1 1 0 1 0 1 0 1 0
0 0 0 0 1 0 1 1 0 1 0 0 1 0 1
0 1 1 1 1 1 0 0 1 1 0 1 0 0 1
0 0 1 1 0 0 1 0 0 1 0 1 0 1 1
1 0 1 1 1 0 0 0 1 1 1 1 1 1 1
0 0 0 0 0 0 0 1 1 1 0 0 0 0 1
0 0 0 1 1 0 1 1 0 0 1 1 0 1 1
1 1 0 1 1 0 0 0 1 0 1 0 0 1 1
0 1 1 0 1 0 0 1 0 1 0 0 0 0 1
0 1 1 0 1 1 0 1 1 0 0 1 0 0 0
0 0 0 0 1 0 0 0 1 1 1 1 1 0 0
1 0 1 0 0 1 1 1 1 0 1 1 1 0 1
0 0 0 1 0 1 1 1 1 1 1 1 1 1 1
1 0 1 1 0 0 0 1 1 1 0 1 0 0 1
0 0 0 0 0 1 1 0 1 1 1 0 0 1 1
1 0 1 1 1 1 1 0 1 1 1 1 0 0 1
0 0 0 0 0 1 0 0 1 1 0 1 1 0 0
0 0 1 0 1 0 1 1 0 0 0 0 0 1 0
0 1 0 0 0 1 0 0 0 0 1 0 1 1 1
0 0 1 1 0 1 0 1 1 1 0 1 1 1 0
0 1 0 1 0 0 1 0 1 1 0 1 0 0 0
1 0 0 1 0 0 1 0 0 0 0 1 1 1 1
0 0 0 0 1 1 1 0 0 0 0 1 1 0 1
0 1 0 0 0 1 1 1 1 0 0 0 1 1 0
0 0 0 1 1 0 0 0 0 1 1 1 0 1 1
0 1 0 0 0 1 1 0 1 1 0 1 1 0 1
1 1 0 0 0 1 0 1 0 1 0 1 0 1 1
1 1 1 0 0 1 0 1 0 0 1 0 0 1 0
0 1 1 0 1 0 1 0 1 1 1 0 1 0 1
0 0 0 1 1 0 1 1 0 1 0 0 0 0 1
1 0 1 1 0 1 1 0 1 1 1 1 1 0 1
1 0 1 0 0 0 1 0 0 0 0 0 0 0 1
0 0 0 1 1 1 0 0 1 1 1 0 0 1 0
0 0 1 1 1 0 0 0 0 0 0 1 1 1 1
1 1 1 1 0 1 0 1 1 1 1 1 0 1 0
1 0 1 1 1 0 1 0 1 0 1 0 1 0 1
1 0 0 1 1 1 0 0 0 0 0 1 1 0 1
1 1 1 1 0 1 0 0 1 1 0 0 1 0 1
0 1 1 1 1 1 0 0 0 0 0 0 0 1 0
1 1 0 0 0 1 0 0 1 1 0 1 0 0 0
0 1 0 0 0 1 1 0 1 0 1 1 0 1 0
1 0 0 0 1 0 1 1 1 0 1 0 0 1 0
1 0 1 1 0 0 0 0 0 0 0 1 1 1 0
0 1 1 0 1 1 1 0 0 1 1 0 1 0 0
0 1 0 1 0 0 0 1 0 0 1 1 0 1 0
1 0 1 1 0 0 0 0 1 0 1 1 1 0 1
1 0 1 1 0 0 1 0 1 0 1 0 1 0 0
1 1 0 1 0 0 0 0 1 1 1 0 1 0 1
1 1 0 0 1 0 0 0 1 0 0 1 0 1 1
1 1 1 1 0 1 1 0 0 1 0 0 1 1 1
0 1 1 1 1 0 0 0 0 1 1 1 1 1 0
1 1 0 0 0 0 0 0 0 0 1 1 1 0 0
0 1 0 1 0 0 1 0 0 0 0 1 1 0 1
0 1 0 0 1 1 1 1 1 0 0 0 1 1 0
0 1 0 0 1 1 0 1 1 1 1 0 1 0 0
1 1 1 0 0 1 1 1 0 0 1 1 1 0 0
1 1 0 0 1 1 1 0 0 1 0 0 0 1 1
0 1 0 0 1 0 1 1 1 0 0 1 1 1 0
0 1 1 0 1 1 0 1 0 1 0 0 1 0 1
0 1 1 1 0 0 0 0 0 0 0 0 1 0 1
1 0 1 1 0 0 1 0 1 1 0 0 1 1 1
1 0 1 0 0 1 1 0 1 1 0 0 0 0 0
0 1 0 1 1 0 1 0 1 1 1 1 0 0 1
0 0 0 1 0 0 1 1 1 0 1 1 1 0 1
1 0 1 1 1 0 0 1 1 0 1 0 0 0 1
9
61
1 0 1 0 0 0 1 1 0
0 0 1 0 1 1 0 1 0
1 0 0 0 1 1 0 1 1
1 1 1 0 1 0 0 0 0
0 1 0 1 0 0 0 0 0
0 1 1 1 1 0 1 0 0
0 0 1 0 1 1 1 1 1
1 0 0 0 1 0 0 0 0
0 1 1 1 0 0 1 1 1
1 0 1 1 1 0 1 1 1
1 1 1 1 1 1 1 1 1
1 1 1 0 0 1 1 0 1
0 1 0 0 0 1 0 0 1
0 0 0 1 1 0 1 0 1
1 0 0 0 0 0 0 0 1
1 0 1 0 0 0 1 0 1
1 0 1 0 1 1 1 1 1
1 0 0 0 1 1 1 0 1
0 0 1 1 0 0 0 1 0
0 0 1 0 0 0 1 0 1
1 1 0 1 0 1 1 1 0
0 1 1 0 1 1 1 1 1
0 0 0 0 1 1 0 1 1
0 0 0 0 0 1 1 1 0
0 0 1 1 1 1 0 1 1
1 1 0 1 1 0 0 0 1
0 0 1 0 0 1 0 1 0
0 0 1 0 0 0 0 1 0
1 1 1 1 1 1 1 0 0
0 1 0 0 0 1 1 0 0
1 0 1 0 0 1 1 1 1
0 1 1 0 1 0 0 0 1
1 0 0 0 1 0 0 1 0
0 1 0 0 1 1 1 1 0
0 1 1 0 1 1 1 0 0
1 0 0 1 1 1 0 1 0
0 0 0 0 1 0 1 1 0
0 0 0 0 1 1 0 0 1
1 1 0 1 1 0 0 1 0
1 1 0 0 1 1 0 0 0
1 1 1 1 1 0 1 0 1
1 0 0 0 1 1 1 1 1
1 1 0 0 1 1 0 1 1
1 0 1 1 1 0 0 0 0
1 1 0 1 1 0 1 0 0
0 1 1 1 0 0 0 0 1
1 0 1 1 0 1 0 1 0
1 0 1 1 1 1 1 0 0
0 0 0 0 1 1 1 1 0
0 1 1 0 1 0 1 0 0
1 0 0 0 0 0 1 1 0
0 1 1 1 0 1 0 0 0
1 0 1 0 1 1 1 1 0
1 1 0 1 0 1 1 0 1
0 1 1 0 0 1 0 0 1
0 0 0 1 0 1 1 0 0
0 1 1 0 0 0 1 0 1
0 1 1 0 0 1 1 0 1
0 1 0 1 1 0 0 1 1
1 0 1 1 0 0 1 1 1
1 0 0 1 1 1 0 1 1
12
70
1 0 1 1 1 0 0 1 0 1 0 1
0 1 1 1 1 1 0 1 0 0 0 1
0 0 0 0 1 0 1 1 1 0 1 1
0 1 0 1 1 1 0 1 0 0 1 1
0 1 1 0 0 1 1 0 0 0 0 0
0 1 1 1 0 1 0 1 1 1 1 0
0 1 1 1 0 1 1 0 1 0 0 1
1 0 0 1 0 1 1 1 1 1 0 1
0 1 1 1 0 0 1 1 0 1 1 0
1 0 1 0 0 0 0 0 1 0 0 1
0 0 0 1 1 1 1 0 1 0 0 0
1 0 0 1 0 1 0 1 0 1 0 1
0 0 1 1 1 1 1 1 0 0 1 0
0 0 0 1 1 1 0 0 1 0 1 0
1 0 1 0 0 1 1 0 0 0 1 1
0 1 1 0 1 0 1 1 0 1 1 1
1 1 0 1 1 1 1 1 1 1 1 1
1 0 0 1 1 0 1 0 1 0 1 0
0 0 0 1 0 1 1 1 0 1 1 0
0 1 1 0 0 1 0 0 0 1 1 0
1 0 0 0 1 0 1 0 0 1 1 1
0 0 1 1 1 0 1 0 1 1 1 0
1 0 0 1 1 0 0 0 1 1 1 0
1 0 0 0 1 0 1 0 0 0 1 1
1 1 0 1 0 1 1 1 1 0 1 1
0 1 1 1 0 1 0 0 1 0 0 1
0 0 0 1 1 0 1 0 1 1 0 0
0 0 0 0 0 1 1 1 1 1 0 0
0 1 1 0 0 0 0 1 0 0 0 0
0 1 1 0 1 1 0 0 1 1 1 0
1 0 1 0 0 0 1 1 1 0 1 0
0 0 1 1 0 0 1 1 0 0 1 1
0 0 1 0 0 0 0 1 1 0 0 0
0 1 1 0 0 1 1 1 1 0 0 1
0 0 1 1 1 1 0 1 0 0 1 0
0 0 1 0 0 1 0 1 1 0 0 1
1 1 0 0 0 1 0 1 1 1 0 0
0 0 0 0 1 0 1 0 0 0 0 1
0 1 1 1 1 1 1 0 1 0 1 1
1 1 1 0 0 1 1 1 0 0 0 1
0 1 1 1 0 0 0 0 1 1 0 0
1 1 1 0 1 0 0 1 1 1 1 0
0 1 1 1 1 1 0 1 1 1 0 1
1 1 1 1 1 1 1 0 1 1 1 1
1 1 0 1 0 0 1 1 1 1 0 1
1 1 1 0 1 0 1 1 1 1 0 0
1 0 1 0 1 0 0 0 0 0 0 1
1 1 1 0 0 1 0 0 1 1 0 0
1 1 1 0 0 1 1 1 1 1 0 1
0 0 1 0 1 1 0 0 1 1 1 0
1 1 0 0 1 1 1 0 0 0 1 1
0 1 1 0 0 0 1 1 1 1 0 1
1 0 0 0 0 1 1 1 1 1 0 0
0 1 1 1 0 0 1 0 1 1 0 0
1 0 1 1 1 1 0 0 0 0 1 0
0 0 1 0 0 0 0 1 1 0 1 0
0 0 0 0 0 1 1 0 0 0 1 1
0 1 0 1 0 1 1 0 1 1 0 0
1 1 1 1 1 0 1 0 1 0 1 0
0 0 0 0 1 0 1 1 0 1 0 0
1 0 1 0 1 1 1 1 1 0 0 1
1 0 1 0 0 1 0 0 1 1 0 0
1 0 0 1 0 1 0 1 1 1 0 1
1 1 0 0 0 1 1 1 1 1 1 1
0 0 0 0 0 0 0 1 1 1 0 0
0 0 1 0 0 0 1 1 0 1 1 0
0 1 1 0 1 1 1 1 0 1 1 0
0 0 1 0 1 0 0 1 1 0 1 1
0 1 0 0 1 0 1 0 0 0 0 1
0 1 1 0 1 1 0 1 1 0 0 1
12
50
0 0 0 0 0 0 0 1 0 0 0 1
1 1 1 1 0 0 1 0 1 0 0 1
1 1 1 0 1 1 1 0 1 0 0 0
1 0 1 1 1 1 1 1 1 1 1 1
1 0 1 1 0 0 0 1 1 1 0 1
0 0 1 0 0 0 0 0 1 1 0 1
1 1 0 0 1 1 1 0 1 1 1 1
1 0 1 1 1 1 0 0 1 0 0 0
0 0 1 0 0 1 1 0 1 1 0 0
0 0 1 0 1 0 1 1 0 0 0 0
0 1 0 0 1 0 0 0 1 0 0 0
0 1 0 1 1 1 0 0 1 1 0 1
0 1 1 1 0 1 1 1 0 0 1 0
1 0 0 1 0 1 1 0 1 0 0 0
1 0 0 1 0 0 1 0 0 0 0 1
1 1 1 0 0 0 0 1 1 1 0 0
0 0 1 1 0 1 0 1 0 0 0 1
1 1 1 0 0 0 1 1 0 0 0 0
1 1 0 0 0 0 1 1 1 0 1 1
0 1 0 0 0 1 1 0 1 1 0 1
1 0 1 1 1 0 0 0 1 0 1 0
1 0 1 0 1 1 1 1 1 0 0 1
0 1 0 0 1 0 0 1 0 0 1 1
0 1 0 1 0 1 1 1 0 1 0 1
0 0 0 1 1 0 1 1 0 1 0 0
0 0 1 1 0 1 1 0 1 1 0 1
1 1 1 1 0 1 1 0 1 0 0 0
1 0 0 0 0 0 0 0 1 0 0 0
1 1 1 0 0 1 1 1 0 0 1 0
0 0 1 1 1 0 0 0 0 0 0 1
1 1 1 1 1 1 1 0 1 0 1 1
1 1 1 0 1 0 1 0 1 1 1 0
1 0 1 0 1 0 1 0 1 1 0 0
1 1 1 0 0 0 0 0 1 1 0 1
1 1 1 1 0 1 0 0 1 1 0 0
1 0 1 0 1 1 1 1 1 0 0 0
0 0 0 0 1 0 1 1 0 0 0 1
0 0 1 1 0 1 0 0 0 0 1 0
0 0 1 1 0 1 0 1 1 0 1 0
1 0 0 0 1 0 1 1 1 0 1 0
0 1 0 1 0 1 1 0 0 0 0 0
0 0 1 1 1 0 0 1 1 0 1 1
1 0 0 1 1 0 1 0 0 0 1 0
1 0 0 0 1 0 0 1 1 0 1 0
1 0 1 1 0 0 0 0 1 0 1 1
1 0 1 1 0 1 1 0 0 1 0 1
0 1 0 1 0 0 1 1 0 1 0 0
0 0 1 1 1 0 1 0 1 1 1 0
0 1 0 0 0 1 0 0 1 0 1 1
1 1 1 1 0 1 1 0 0 1 0 0
12
60
1 1 1 0 1 1 1 1 0 0 0 0
1 1 1 1 1 0 1 1 0 0 0 0
0 0 0 0 1 1 1 0 0 0 1 0
1 0 0 1 0 0 0 0 1 1 0 1
0 1 0 0 1 1 1 1 1 0 0 0
1 1 0 0 1 0 0 1 1 0 1 1
1 1 0 1 0 0 1 1 1 0 0 1
1 1 0 0 1 1 1 0 0 1 1 0
0 1 1 1 0 0 1 0 0 0 1 1
0 1 0 0 1 0 1 1 1 0 0 1
1 1 0 0 1 1 0 1 1 0 1 0
1 0 0 1 0 1 0 1 1 1 0 0
0 0 0 0 0 0 1 0 1 1 0 1
1 0 0 1 0 1 1 0 0 1 1 1
1 0 1 0 0 1 1 0 1 1 0 0
0 0 0 0 1 0 1 1 0 1 0 1
1 1 1 0 0 1 0 0 0 1 0 0
1 1 1 0 1 1 1 0 1 1 0 1
1 1 0 0 1 1 0 1 0 0 0 1
1 0 1 0 0 0 1 1 0 0 0 1
0 1 1 0 1 0 1 0 0 0 1 1
0 1 1 1 1 1 0 1 0 0 0 0
0 1 0 1 0 0 0 0 0 0 1 1
1 1 0 1 0 0 0 0 1 0 1 1
1 1 1 1 0 0 0 1 0 0 0 0
0 1 1 1 0 0 1 1 1 1 0 1
1 1 0 1 1 1 1 1 1 1 1 1
1 1 1 1 1 1 0 0 1 1 0 1
0 1 0 0 0 1 0 0 1 0 0 0
1 1 0 1 0 1 1 0 0 0 0 0
0 0 1 1 0 1 0 0 0 1 0 1
1 0 1 0 1 1 1 1 1 1 0 0
0 1 1 1 0 1 0 0 1 1 0 0
0 1 0 0 0 1 0 0 0 1 0 1
1 1 0 1 0 1 1 1 0 0 1 1
0 1 1 1 1 1 0 0 0 0 1 1
0 1 1 0 0 0 0 0 1 1 1 0
0 0 1 1 1 1 0 1 1 1 1 0
1 1 0 0 0 1 0 0 1 0 0 1
0 1 0 0 0 1 0 0 0 0 1 0
1 1 1 1 1 1 1 0 0 0 1 0
0 0 1 1 0 0 1 0 1 0 0 1
1 1 1 0 1 1 0 1 0 0 0 1
1 0 0 0 1 0 0 1 0 0 1 0
0 1 1 1 1 0 0 1 1 0 1 1
1 0 0 1 0 0 1 1 1 0 1 0
0 0 0 0 1 0 1 1 0 0 0 0
0 1 1 0 0 1 1 1 0 1 1 0
0 1 0 1 1 0 0 1 1 0 0 0
1 1 1 1 1 0 1 0 1 1 0 0
0 1 1 1 1 1 1 1 0 0 1 1
0 1 1 1 0 1 1 1 0 0 0 0
1 1 0 1 1 0 1 0 0 0 1 1
1 0 0 0 0 1 1 0 1 1 0 1
0 1 0 1 0 1 1 1 1 1 0 0
0 0 0 0 1 1 1 1 0 0 1 1
0 1 0 1 0 0 1 0 0 0 0 0
1 1 0 0 1 1 1 0 1 0 0 0
1 0 1 0 1 1 1 1 0 1 1 0
1 0 1 1 0 1 0 1 1 0 0 1
12
60
0 0 1 0 0 0 1 0 1 1 0 0
0 1 1 0 0 0 1 0 1 0 1 1
0 0 1 1 0 1 0 1 0 1 1 0
0 1 1 1 0 1 1 0 0 1 1 1
0 0 1 1 1 1 0 1 1 1 0 0
1 1 1 0 1 1 0 1 0 0 1 1
1 0 0 0 0 1 1 0 1 1 1 0
0 0 0 1 0 1 1 0 0 1 0 1
1 1 1 0 1 0 1 0 1 1 1 1
1 1 0 1 0 0 0 0 1 0 0 1
1 0 1 1 1 1 1 1 1 1 1 0
1 0 0 1 0 0 1 1 1 1 0 1
0 0 0 1 1 1 0 0 1 0 0 1
0 1 0 1 0 1 1 0 0 0 0 1
1 1 1 0 1 1 1 1 0 0 0 1
1 1 0 0 0 0 0 1 0 0 0 0
0 0 1 1 1 1 0 0 0 1 1 1
1 0 1 0 0 0 0 0 1 0 1 0
0 1 1 0 0 0 1 1 1 0 0 0
0 1 1 1 1 0 1 0 1 0 1 0
0 1 0 0 1 1 0 1 1 0 0 1
0 1 0 1 0 0 0 1 0 0 0 1
1 1 0 0 0 1 1 1 0 1 1 1
1 0 1 0 1 1 0 1 1 0 1 0
1 0 1 1 1 0 0 0 0 0 1 0
1 0 0 0 0 1 1 0 0 1 1 1
1 1 1 0 1 1 1 1 0 1 0 1
1 1 0 0 0 1 0 0 0 1 0 1
0 1 0 1 1 1 1 0 0 0 1 0
0 0 1 0 1 0 1 1 1 0 1 1
1 0 1 0 1 1 0 0 1 0 0 0
1 1 1 0 0 0 1 1 0 1 1 0
1 1 0 0 1 0 0 1 1 0 0 1
1 0 0 1 0 0 0 0 0 1 1 0
1 0 1 0 1 1 1 0 0 1 1 0
0 1 0 1 0 0 1 0 0 1 1 1
0 0 1 0 1 0 1 1 1 0 0 0
0 1 1 1 1 0 1 1 0 0 1 0
0 1 0 0 0 0 0 0 1 1 1 1
0 0 0 1 1 1 1 1 0 1 0 0
0 0 0 0 0 0 1 1 1 0 0 0
1 0 1 0 1 0 1 1 0 0 1 0
1 1 1 0 0 0 0 0 1 1 1 0
1 1 1 0 0 1 1 1 1 0 0 1
0 0 1 1 0 0 0 0 1 1 0 0
0 1 0 0 0 1 0 0 0 0 0 0
1 1 0 1 0 0 1 0 0 1 0 1
0 0 1 0 0 0 0 1 1 0 1 0
0 0 0 1 0 1 1 0 1 0 1 1
0 1 0 1 0 1 0 0 1 0 0 0
0 1 0 0 1 1 1 0 1 1 1 0
1 0 0 0 0 0 0 1 1 1 1 1
0 0 0 0 0 1 0 1 0 0 0 1
0 1 1 0 1 1 0 1 1 0 0 0
0 0 0 0 0 1 0 0 0 0 0 0
1 1 0 0 0 1 0 1 1 0 1 1
1 0 0 0 1 0 1 0 1 0 0 1
0 0 0 0 1 1 1 1 0 1 1 1
1 1 0 0 1 0 1 0 0 0 1 1
0 0 1 0 0 1 0 1 0 0 1 1
12
60
1 0 0 0 0 1 1 1 0 0 1 0
0 1 0 0 1 1 0 0 0 0 1 1
1 1 0 0 0 1 1 1 1 0 0 1
0 0 1 1 0 1 1 1 0 1 0 0
1 0 0 1 0 1 0 0 1 0 0 1
1 0 1 1 1 1 1 0 0 0 1 0
0 0 1 1 0 0 1 1 0 0 1 1
0 1 1 1 0 0 0 0 1 0 1 1
0 1 1 0 1 1 1 0 1 1 1 0
1 1 0 1 1 1 1 1 1 1 1 1
0 0 1 0 0 0 1 0 1 1 1 1
0 0 0 0 1 1 0 0 0 1 0 0
0 1 1 0 0 0 1 1 0 0 1 1
1 0 0 1 0 1 0 0 1 1 0 1
0 1 0 1 1 1 1 0 1 1 0 0
1 1 1 0 1 0 0 1 1 0 0 1
1 1 1 1 0 0 1 1 0 1 0 1
0 0 1 0 1 1 0 1 1 1 0 1
1 0 0 0 0 1 1 1 0 1 1 1
1 0 0 0 0 1 1 1 1 1 1 0
1 1 1 0 0 1 1 1 1 0 0 0
1 1 1 0 1 1 1 1 1 0 1 1
1 0 1 0 0 0 1 1 1 0 1 1
0 1 1 1 1 1 1 1 1 1 1 1
0 1 0 0 1 1 0 1 0 1 1 0
1 0 1 1 1 0 0 1 0 0 1 0
0 1 1 0 1 1 1 0 1 1 0 0
0 1 0 1 0 1 1 0 0 0 1 1
1 0 1 1 1 0 0 1 1 1 0 1
1 1 1 1 1 0 0 0 1 0 1 0
1 0 0 1 0 0 1 0 1 0 0 0
1 0 0 0 0 0 1 1 1 1 1 0
1 1 1 0 1 0 0 0 0 1 0 1
1 0 1 0 0 1 0 1 1 0 0 0
1 0 0 0 1 1 1 0 0 0 1 1
0 0 0 1 1 1 0 0 1 0 1 0
0 0 0 1 1 1 0 0 0 0 0 1
1 0 0 1 1 0 0 0 0 1 1 1
0 0 0 1 0 1 0 0 1 0 0 1
0 0 1 0 0 0 0 0 0 0 1 0
1 0 0 1 1 0 1 1 0 1 1 1
1 1 0 1 0 1 0 0 0 1 0 1
1 0 1 0 1 0 0 0 1 1 0 0
1 1 1 0 0 1 0 1 0 0 0 0
0 1 1 0 0 1 1 0 0 1 0 0
0 1 1 1 1 1 0 0 0 0 1 1
1 1 1 1 0 0 0 1 1 0 1 0
0 1 0 0 1 0 1 1 0 0 1 1
1 1 0 0 1 1 0 0 1 0 0 0
0 1 1 0 1 1 0 0 1 1 0 0
1 1 0 0 0 1 1 0 1 1 0 0
1 1 1 1 1 0 1 0 1 1 1 1
1 0 1 1 1 0 1 1 0 0 1 1
0 0 1 1 0 0 0 0 1 1 1 1
1 1 0 1 1 1 1 0 0 1 0 1
0 0 0 1 0 0 0 0 1 1 0 0
1 0 0 1 0 0 0 0 1 1 0 1
0 1 0 1 1 0 0 0 0 1 1 1
1 1 1 0 1 0 0 1 0 1 0 0
1 1 0 1 0 1 0 1 0 1 0 0
12
60
1 1 0 0 0 0 1 0 0 1 1 1
1 0 0 0 1 1 0 1 0 1 0 0
1 1 1 1 0 0 0 0 1 1 0 1
1 0 1 1 1 1 0 0 1 1 0 0
0 1 1 0 1 0 1 0 0 1 0 1
1 1 1 0 0 0 0 1 0 0 1 0
1 0 0 0 1 1 1 0 1 1 1 1
1 0 0 1 0 0 0 1 0 0 0 0
1 1 0 1 1 0 1 0 0 0 1 0
0 0 0 1 1 1 1 1 0 1 1 0
0 0 0 0 0 1 1 1 0 0 1 1
0 1 0 0 0 0 0 0 0 0 0 0
0 0 0 1 1 1 0 1 0 0 0 0
1 1 0 1 1 0 1 1 0 1 0 0
1 0 1 0 1 0 1 0 0 0 1 0
0 1 0 0 0 0 1 1 0 0 1 0
0 0 0 0 0 0 1 0 1 0 1 0
1 1 0 1 1 0 1 0 0 1 0 0
0 1 1 0 1 1 0 0 0 0 1 1
1 0 1 0 1 1 1 0 1 0 1 1
0 1 1 0 1 1 0 1 1 0 1 0
0 0 1 0 1 0 1 1 0 1 1 1
1 0 1 0 1 1 1 1 0 0 0 1
0 1 1 1 0 1 0 0 1 1 1 1
0 1 0 0 1 1 0 0 0 0 1 1
1 1 1 0 0 0 0 0 1 1 0 0
1 1 0 0 1 0 0 1 0 0 0 1
0 1 0 1 1 0 1 1 1 0 0 0
1 1 0 1 1 1 1 0 0 0 0 1
0 0 0 0 1 1 0 1 0 0 0 1
0 1 1 0 0 1 0 1 1 1 0 0
0 1 0 0 0 1 0 0 0 1 1 1
0 1 1 1 1 1 1 0 1 0 1 1
0 1 1 1 0 0 0 1 0 0 0 0
1 1 1 0 0 0 1 1 1 0 0 1
0 1 0 1 0 1 1 1 0 1 1 1
1 1 1 0 0 1 0 0 0 1 0 1
1 0 0 1 0 1 0 1 1 0 1 0
0 0 1 0 0 1 0 0 0 1 0 0
1 1 0 1 1 1 1 1 1 1 0 0
0 1 1 0 0 0 0 0 1 1 1 0
0 1 0 1 1 0 0 0 0 1 0 1
0 1 0 1 1 0 0 0 0 0 0 0
0 0 0 0 0 1 0 1 1 0 0 0
1 0 1 1 1 0 0 0 1 1 0 1
0 0 1 0 0 0 0 1 0 1 0 1
1 0 0 1 1 0 0 1 1 1 1 0
1 1 0 1 1 0 0 1 1 0 1 1
1 0 0 0 1 1 1 1 1 1 0 1
0 0 0 1 0 1 0 1 1 1 1 1
0 0 0 1 1 1 1 0 0 0 0 0
1 1 1 1 1 0 0 1 1 1 1 1
1 1 1 1 0 0 0 1 1 0 0 0
0 1 0 1 0 1 0 0 0 1 1 1
0 1 0 1 0 1 0 0 1 1 1 1
0 1 1 1 1 1 0 0 1 0 1 1
0 0 1 0 0 1 0 0 0 0 0 1
0 1 0 1 1 0 1 1 0 1 0 0
0 0 1 1 1 1 0 0 0 0 1 0
0 1 1 1 0 1 1 0 0 0 0 0
12
60
1 0 0 1 0 1 0 1 0 1 0 0
1 1 0 0 0 0 0 0 1 1 0 1
1 0 0 0 0 1 1 0 0 1 0 0
1 0 1 1 0 0 1 0 0 1 0 1
1 1 0 1 1 0 1 0 0 0 1 1
0 0 1 0 0 0 1 1 1 1 0 1
1 0 0 0 1 1 1 1 0 0 0 1
0 0 0 1 0 1 1 0 0 1 1 0
1 0 0 0 1 0 0 1 1 0 0 0
1 0 0 0 0 1 0 1 1 0 0 0
0 0 0 0 1 0 1 0 0 1 0 0
0 1 0 1 1 0 0 1 0 0 0 1
1 0 0 1 1 1 1 1 0 0 0 1
0 0 1 0 0 0 1 0 1 1 0 1
0 1 1 1 0 1 0 0 0 1 1 1
1 0 1 1 1 0 1 1 0 1 0 0
0 1 1 1 1 0 1 0 0 1 1 0
0 0 0 0 0 0 0 1 1 1 1 0
1 1 1 0 0 1 1 0 1 1 0 1
1 1 1 0 0 0 0 1 1 1 0 1
1 0 1 0 1 1 1 1 0 0 1 0
0 1 0 0 0 1 1 0 0 1 0 1
0 1 1 1 0 1 1 0 0 0 1 1
0 0 1 0 1 1 1 1 0 0 0 1
1 0 1 0 1 0 0 1 0 1 1 0
1 0 1 1 1 0 1 1 1 0 0 0
0 1 0 0 1 1 0 1 1 0 1 1
0 1 0 0 1 0 1 1 1 1 0 0
0 1 0 1 0 0 0 0 0 0 1 0
0 1 1 1 1 1 0 0 1 1 1 1
0 0 0 1 0 0 0 0 0 0 1 1
1 1 1 0 0 1 0 1 1 0 0 1
0 1 1 1 1 0 1 1 1 1 0 1
0 0 0 1 0 1 0 0 1 0 0 0
1 1 1 0 1 0 1 1 0 1 1 1
0 1 0 0 0 0 1 1 1 0 0 0
1 0 0 1 0 0 0 0 1 0 0 1
1 0 1 1 0 1 0 0 0 0 0 0
1 0 0 0 0 0 0 0 1 1 0 1
0 0 1 0 0 0 1 0 1 0 1 0
0 1 0 0 0 1 1 1 1 1 0 0
1 1 0 0 0 1 0 0 1 1 0 1
0 0 1 0 1 1 0 1 0 1 0 0
0 0 0 0 0 0 0 0 1 1 1 0
1 0 1 0 1 1 0 0 0 1 0 1
1 1 0 1 0 1 1 1 1 0 1 0
0 1 0 0 1 1 0 0 1 1 0 1
1 0 1 1 0 0 1 1 1 0 1 0
1 1 1 1 1 0 0 0 1 0 0 1
0 1 1 0 1 0 1 0 1 0 1 0
1 0 1 1 0 1 1 1 0 1 0 1
1 1 0 0 0 0 0 0 1 1 1 0
0 0 1 1 1 0 0 0 0 0 0 0
1 0 0 1 1 1 1 0 0 0 1 0
0 1 1 1 1 0 0 1 1 1 0 0
0 1 1 0 1 1 1 0 1 1 0 0
1 0 1 1 0 1 0 0 0 1 0 0
0 1 1 0 1 0 0 1 1 1 0 0
1 0 0 0 0 1 1 1 1 1 1 1
0 1 1 1 1 0 1 1 1 0 0 1
12
60
1 0 0 0 0 1 1 0 1 1 0 1
0 0 1 0 1 0 1 0 1 1 1 0
1 1 0 1 1 0 0 1 1 1 1 0
0 0 0 1 0 1 1 1 0 1 1 1
1 0 0 1 0 1 1 1 1 0 0 1
1 1 0 1 0 1 1 0 0 0 0 1
1 0 0 1 1 0 1 1 1 1 0 1
1 0 1 0 0 0 1 0 1 0 1 1
1 1 0 0 1 0 1 1 1 0 0 1
1 0 0 1 0 0 0 0 0 1 0 1
0 0 0 1 0 1 1 0 1 1 1 0
0 1 1 1 0 0 0 1 0 1 0 0
1 1 1 0 1 1 0 1 0 0 1 1
0 0 0 1 1 1 0 0 0 1 0 0
0 1 0 0 0 1 1 0 0 0 1 0
0 0 1 1 0 1 1 1 1 1 0 1
1 0 1 0 0 0 1 0 1 1 1 1
1 1 0 1 0 1 0 0 1 0 0 0
1 1 1 0 1 0 0 1 1 0 1 1
0 0 0 1 0 1 1 1 1 1 1 1
1 1 0 0 1 0 1 1 0 1 1 0
0 1 1 1 1 1 1 1 1 1 1 0
1 0 0 0 0 1 0 1 1 0 0 1
1 1 0 1 1 0 0 1 0 0 0 0
1 0 1 0 0 1 1 0 0 1 1 0
1 1 1 1 1 0 0 0 0 1 0 1
0 0 1 0 0 1 0 1 0 0 0 0
1 0 0 1 1 1 1 1 0 1 0 0
0 1 1 0 1 1 0 1 0 1 1 1
1 0 0 1 0 1 1 1 0 0 1 0
0 1 1 1 1 0 1 1 1 0 0 1
0 0 0 0 1 0 1 0 0 0 0 0
0 1 0 0 0 0 0 0 1 0 1 1
0 0 0 0 1 0 1 1 1 1 1 1
0 1 1 0 1 1 0 0 1 1 0 1
1 1 0 1 0 1 0 0 0 1 1 1
0 0 1 1 0 1 0 1 0 0 1 0
0 0 0 0 1 1 1 1 1 1 1 1
1 1 0 1 1 0 1 1 1 0 1 1
1 0 0 1 1 0 0 1 0 1 1 0
1 1 0 0 1 1 0 0 1 1 0 0
1 1 0 0 1 0 0 0 0 1 0 1
1 0 1 0 0 1 0 1 0 0 1 0
0 0 1 1 1 1 1 1 0 0 1 0
0 0 1 0 1 1 0 1 0 0 1 1
1 0 0 0 1 0 0 1 0 1 0 0
1 0 0 0 0 0 0 0 0 0 1 0
0 1 1 1 1 0 0 1 0 0 1 1
1 0 1 0 1 1 0 1 1 1 1 0
1 0 0 1 0 1 0 0 1 1 1 1
0 0 0 1 0 0 1 1 0 0 1 0
1 0 1 1 1 1 1 1 1 0 1 0
0 1 1 1 0 1 1 0 1 1 1 0
0 1 1 0 1 1 0 1 0 0 1 0
1 1 1 1 1 0 0 0 0 1 1 0
0 0 1 0 0 1 0 0 0 0 1 0
0 1 1 0 0 0 0 0 1 0 0 1
1 0 1 1 0 1 0 1 0 1 1 0
1 1 1 0 0 0 0 0 0 1 0 1
0 1 1 0 0 1 0 1 1 0 1 1
11
70
1 1 0 1 1 0 0 1 0 0 1
0 0 1 0 1 1 0 0 1 0 0
0 0 1 0 0 1 0 1 1 0 0
0 1 0 0 0 1 0 0 0 1 1
0 1 1 1 0 1 1 0 0 1 1
1 0 1 1 1 1 1 1 0 1 0
0 0 1 0 1 0 1 0 1 1 0
0 1 0 0 0 1 1 0 1 0 1
1 0 0 0 1 1 1 1 0 0 1
1 0 1 1 1 0 1 1 0 0 0
1 1 1 0 0 1 0 1 1 1 1
1 0 1 0 1 0 0 1 0 0 0
0 0 1 0 1 1 1 1 1 0 1
1 1 1 1 1 0 0 1 0 1 1
1 1 1 1 0 0 0 0 0 0 0
0 0 0 0 0 0 0 0 1 1 1
0 0 1 1 0 0 1 0 0 0 1
1 0 0 1 0 1 0 1 1 1 0
0 0 0 0 0 0 1 1 0 1 0
0 0 1 0 1 1 0 0 1 0 1
1 0 0 1 1 1 0 0 0 1 1
0 1 1 1 0 1 0 0 1 0 0
0 1 0 0 0 1 0 0 0 0 0
0 1 1 0 0 0 0 1 1 1 0
1 0 0 0 0 0 1 1 1 0 0
0 1 0 1 1 0 0 1 1 1 0
0 0 0 1 0 1 0 0 1 1 0
0 0 1 1 0 1 0 0 1 0 0
1 0 1 0 1 1 1 0 0 0 0
0 1 1 0 0 1 0 0 0 0 0
0 0 0 1 0 1 1 1 0 0 0
0 1 1 1 1 0 1 1 1 0 1
0 0 0 0 1 0 1 0 1 0 0
0 1 0 0 1 0 0 0 1 1 1
0 0 0 0 0 0 0 0 0 1 1
0 1 0 1 1 0 1 0 0 1 0
1 1 1 0 1 1 0 0 1 1 0
1 0 0 0 1 0 1 1 0 1 1
1 1 1 0 1 1 1 0 0 0 1
1 1 0 1 1 1 0 0 0 0 1
0 0 1 0 0 0 1 1 0 0 1
1 1 1 0 0 1 0 1 0 0 0
1 1 0 1 1 0 1 1 0 1 0
1 0 0 1 1 1 0 0 1 1 1
0 0 0 1 1 1 0 1 1 0 0
1 1 1 0 0 1 0 0 1 1 0
1 1 0 1 0 0 1 1 0 0 1
0 0 1 1 0 0 1 0 0 1 0
1 1 0 1 0 0 0 0 1 0 0
1 0 0 1 0 1 0 0 1 0 0
0 0 1 0 1 1 1 0 1 1 0
0 0 0 1 1 0 0 1 0 1 0
0 1 0 0 1 1 0 0 1 1 0
0 0 1 0 1 0 0 1 0 0 1
0 1 0 1 0 0 1 1 0 0 1
1 1 0 0 0 1 0 1 1 0 0
1 1 1 1 1 0 1 0 0 1 0
0 1 0 1 0 0 0 1 1 1 0
0 0 0 1 0 0 0 1 0 1 0
0 0 0 1 0 0 1 0 1 0 1
1 1 0 1 0 1 1 0 0 1 0
1 0 1 0 1 0 0 0 1 1 1
0 0 1 1 0 0 0 0 1 0 0
0 0 0 1 1 0 0 0 1 0 1
0 1 0 1 1 1 1 1 0 1 1
0 0 0 1 1 0 0 1 1 0 1
1 0 1 1 1 0 0 1 0 1 1
0 0 0 1 1 0 0 0 1 0 0
1 1 0 1 1 0 0 0 0 0 0
1 1 0 0 1 1 0 0 0 1 1
11
60
1 0 0 1 1 0 1 1 1 0 0
0 1 0 1 0 0 1 0 0 1 0
0 1 1 1 0 0 0 1 1 0 0
0 0 1 0 1 1 0 0 0 0 0
0 0 0 0 1 1 1 0 1 1 0
1 1 1 1 0 1 1 0 1 0 0
1 1 0 0 1 1 0 0 1 0 0
0 1 1 1 0 0 1 0 1 0 0
0 0 0 1 1 1 1 1 1 0 0
0 0 0 1 1 0 1 0 1 1 1
1 1 0 0 0 0 1 0 0 0 0
1 1 0 0 0 0 0 1 1 0 0
1 0 1 0 1 0 0 1 1 1 0
0 1 0 1 1 0 0 1 1 1 1
1 0 0 1 0 1 1 1 1 0 0
1 1 1 1 1 1 1 0 1 1 0
0 0 1 1 0 1 0 0 0 0 0
0 0 1 1 1 0 1 1 0 0 1
0 0 0 1 1 1 1 1 1 1 1
1 0 0 0 1 0 0 1 1 1 1
0 0 1 1 0 1 0 1 0 0 1
1 0 0 0 0 1 0 1 1 0 0
1 0 0 0 1 1 0 0 1 0 1
1 1 1 0 1 0 0 0 1 1 1
0 0 1 0 0 1 1 0 0 1 1
0 0 1 0 0 1 0 1 0 1 0
0 1 0 0 0 1 0 1 1 0 0
1 1 0 1 0 1 1 0 1 0 0
0 1 1 1 0 0 0 1 1 0 1
0 1 1 1 1 1 1 0 1 0 1
0 1 0 0 1 0 0 0 1 0 1
0 0 1 1 1 1 0 0 0 0 1
0 0 1 0 1 1 0 0 1 1 0
1 0 1 0 0 0 1 1 1 0 1
1 0 1 0 0 1 1 1 0 0 0
1 0 0 1 1 1 0 0 1 0 0
1 0 0 1 0 1 0 0 1 0 1
0 1 0 1 1 0 0 1 0 1 0
1 1 1 0 1 1 1 1 0 0 1
1 1 0 1 0 1 1 1 0 1 0
0 1 1 0 0 1 1 1 1 0 1
1 0 0 1 0 0 1 0 0 0 0
0 0 1 1 1 0 1 1 1 0 0
1 0 0 0 1 0 0 1 0 1 0
0 0 0 1 1 1 0 0 0 0 1
1 0 0 0 0 1 0 0 0 1 1
1 0 0 0 0 0 0 0 1 1 0
0 0 0 1 0 1 1 1 0 1 0
0 0 0 0 1 1 0 1 0 1 1
1 1 0 1 1 0 1 1 1 1 1
1 1 0 1 0 0 1 0 0 0 1
0 0 0 0 0 1 0 0 0 1 0
1 1 0 0 0 1 1 1 0 1 0
1 1 1 1 0 0 0 0 1 1 0
1 1 1 1 1 1 0 0 0 1 1
0 1 0 1 1 0 1 1 1 1 0
0 1 1 1 1 0 0 0 1 0 1
0 1 1 0 1 1 0 1 1 0 1
0 1 1 0 1 0 1 1 1 0 0
0 0 1 0 0 0 1 1 1 0 1
7
10
1 1 1 0 1 1 1
0 0 1 0 0 1 0
1 0 1 1 1 0 1
1 0 1 1 0 1 1
0 1 1 1 0 1 0
1 1 0 1 0 1 1
1 1 0 1 1 1 1
1 0 1 0 0 1 0
1 1 1 1 1 1 1
1 1 1 1 0 1 1
6
10
0 1 1 1 0 0
1 0 0 0 0 0
1 0 1 0 0 0
1 1 0 0 0 0
1 1 0 1 0 0
1 0 0 1 0 0
1 1 1 0 0 0
1 1 1 1 0 0
1 0 1 1 0 0
0 1 1 0 0 0
